  1.000000000000000E-013  3.689382546523284E-002
  2.000000000000000E-013  4.046613402730777E-002
  3.000000000000000E-013  4.230734212935455E-002
  4.000000000000000E-013  4.384030133365341E-002
  5.000000000000000E-013  4.454314529915199E-002
  6.000000000000001E-013  4.377682577856800E-002
  7.000000000000000E-013  4.369955445493683E-002
  8.000000000000000E-013  4.373547748928720E-002
  9.000000000000000E-013  4.312709749374795E-002
  1.000000000000000E-012  4.298044603072020E-002
  1.100000000000000E-012  4.277044875899523E-002
  1.200000000000000E-012  4.249965191299761E-002
  1.300000000000000E-012  4.280358381853387E-002
  1.400000000000000E-012  4.218241266315538E-002
  1.500000000000000E-012  4.167967144587126E-002
  1.600000000000000E-012  4.108923475925982E-002
  1.700000000000000E-012  4.172426058853324E-002
  1.800000000000000E-012  4.132914954449273E-002
  1.900000000000000E-012  4.143358444641620E-002
  2.000000000000000E-012  4.174971403146010E-002
  2.100000000000000E-012  4.083395960013957E-002
  2.200000000000000E-012  4.087008340643816E-002
  2.300000000000000E-012  4.020265391580623E-002
  2.400000000000000E-012  4.067261323860218E-002
  2.500000000000000E-012  3.958893874432787E-002
  2.600000000000000E-012  3.943027626107976E-002
  2.700000000000000E-012  3.937457565081828E-002
  2.800000000000000E-012  3.882582765444127E-002
  2.900000000000000E-012  3.843098833123258E-002
  3.000000000000000E-012  3.792770234518267E-002
  3.100000000000000E-012  3.744158383346333E-002
  3.200000000000000E-012  3.714145102882471E-002
  3.300000000000000E-012  3.656651168736173E-002
  3.400000000000000E-012  3.631645452195082E-002
  3.500000000000000E-012  3.713792235667059E-002
  3.600000000000000E-012  3.708708329542575E-002
  3.700000000000000E-012  3.677911819321755E-002
  3.800000000000000E-012  3.633458006298002E-002
  3.900000000000000E-012  3.597120092343249E-002
  4.000000000000000E-012  3.631893969456665E-002
  4.100000000000000E-012  3.598381132215620E-002
  4.200000000000000E-012  3.587499507103947E-002
  4.300000000000000E-012  3.614433420875912E-002
  4.400000000000000E-012  3.647355265799834E-002
  4.500000000000000E-012  3.520230301928219E-002
  4.600000000000000E-012  3.507779153170904E-002
  4.700000000000000E-012  3.598590004342855E-002
  4.800000000000001E-012  3.574130289294187E-002
  4.900000000000001E-012  3.480531290806256E-002
  5.000000000000001E-012  3.514102847665090E-002
  5.100000000000000E-012  3.571774467756560E-002
  5.200000000000000E-012  3.462202936828183E-002
  5.300000000000000E-012  3.469953610218354E-002
  5.400000000000000E-012  3.495655239095664E-002
  5.500000000000000E-012  3.427650552887263E-002
  5.600000000000000E-012  3.380489205502065E-002
  5.700000000000000E-012  3.418202979213900E-002
  5.800000000000000E-012  3.507843138136348E-002
  5.900000000000000E-012  3.507319689761074E-002
  6.000000000000000E-012  3.468172690796827E-002
  6.100000000000000E-012  3.496777507041818E-002
  6.200000000000000E-012  3.397175384908462E-002
  6.300000000000000E-012  3.387942722534667E-002
  6.400000000000000E-012  3.396754222162388E-002
  6.500000000000000E-012  3.322194367392717E-002
  6.600000000000000E-012  3.385741562704475E-002
  6.700000000000000E-012  3.329097312302209E-002
  6.800000000000000E-012  3.304572403786162E-002
  6.900000000000000E-012  3.331214675380196E-002
  7.000000000000000E-012  3.384543608857632E-002
  7.100000000000000E-012  3.381637361312116E-002
  7.200000000000000E-012  3.428256864891303E-002
  7.300000000000000E-012  3.354044454379274E-002
  7.400000000000000E-012  3.319335106685621E-002
  7.500000000000000E-012  3.346547849673650E-002
  7.600000000000000E-012  3.384217884717521E-002
  7.700000000000000E-012  3.425311212546141E-002
  7.800000000000000E-012  3.404653146244348E-002
  7.900000000000000E-012  3.434026340588889E-002
  8.000000000000000E-012  3.378995762551245E-002
  8.100000000000000E-012  3.369030418781447E-002
  8.200000000000000E-012  3.350886417112030E-002
  8.300000000000000E-012  3.291976313276531E-002
  8.400000000000000E-012  3.252727445017380E-002
  8.500000000000000E-012  3.240120974217476E-002
  8.600000000000000E-012  3.127768174095616E-002
  8.700000000000000E-012  3.226634799772340E-002
  8.800000000000000E-012  3.221278375571545E-002
  8.900000000000000E-012  3.140642321022018E-002
  9.000000000000000E-012  3.285757253599339E-002
  9.100000000000000E-012  3.255582408874802E-002
  9.200000000000000E-012  3.264278413580417E-002
  9.300000000000000E-012  3.263589366479529E-002
  9.400000000000000E-012  3.261158992112433E-002
  9.500000000000000E-012  3.247603254703875E-002
  9.600000000000001E-012  3.247717058071445E-002
  9.700000000000001E-012  3.173885636302011E-002
  9.800000000000001E-012  3.163868813953639E-002
  9.900000000000001E-012  3.220008755313657E-002
  1.000000000000000E-011  3.235080040316879E-002
  1.010000000000000E-011  3.237177501894244E-002
  1.020000000000000E-011  3.200406237001243E-002
  1.030000000000000E-011  3.135763165087277E-002
  1.040000000000000E-011  3.223501582654264E-002
  1.050000000000000E-011  3.244231524289688E-002
  1.060000000000000E-011  3.210481337365296E-002
  1.070000000000000E-011  3.138592997227404E-002
  1.080000000000000E-011  3.169220043231447E-002
  1.090000000000000E-011  3.212774291905986E-002
  1.100000000000000E-011  3.236466810535987E-002
  1.110000000000000E-011  3.185094238790090E-002
  1.120000000000000E-011  3.099866340305726E-002
  1.130000000000000E-011  3.187982678446684E-002
  1.140000000000000E-011  3.108262070527320E-002
  1.150000000000000E-011  3.241182281881061E-002
  1.160000000000000E-011  3.128739320308433E-002
  1.170000000000000E-011  3.064239366313246E-002
  1.180000000000000E-011  3.095628024501292E-002
  1.190000000000000E-011  3.105952865560720E-002
  1.200000000000000E-011  3.184496158934397E-002
  1.210000000000000E-011  3.320880516943030E-002
  1.220000000000000E-011  3.346047071999360E-002
  1.230000000000000E-011  3.214336082677727E-002
  1.240000000000000E-011  3.160033013518178E-002
  1.250000000000000E-011  3.283290979466476E-002
  1.260000000000000E-011  3.276260752998893E-002
  1.270000000000000E-011  3.202306832549447E-002
  1.280000000000000E-011  3.196376799804528E-002
  1.290000000000000E-011  3.139496910984332E-002
  1.300000000000000E-011  3.202426133938157E-002
  1.310000000000000E-011  3.123183205542625E-002
  1.320000000000000E-011  3.041187018142463E-002
  1.330000000000000E-011  3.124866496310739E-002
  1.340000000000000E-011  3.076217600011049E-002
  1.350000000000000E-011  3.094681770944651E-002
  1.360000000000000E-011  3.099037861419830E-002
  1.370000000000000E-011  3.149399659310883E-002
  1.380000000000000E-011  3.103056020804369E-002
  1.390000000000000E-011  3.166898421623883E-002
  1.400000000000000E-011  3.152625611288508E-002
  1.410000000000000E-011  3.144014113021981E-002
  1.420000000000000E-011  3.147442901015816E-002
  1.430000000000000E-011  3.258611822854560E-002
  1.440000000000000E-011  3.298242744358153E-002
  1.450000000000000E-011  3.265013343213906E-002
  1.460000000000000E-011  3.297353095262779E-002
  1.470000000000000E-011  3.223969704486655E-002
  1.480000000000000E-011  3.343588125711796E-002
  1.490000000000000E-011  3.231083063830673E-002
  1.500000000000000E-011  3.210692935853726E-002
  1.510000000000000E-011  3.219893457272957E-002
  1.520000000000000E-011  3.202462375649954E-002
  1.530000000000000E-011  3.226488466644227E-002
  1.540000000000000E-011  3.167247204504497E-002
  1.550000000000000E-011  3.218975869848214E-002
  1.560000000000000E-011  3.219410443672432E-002
  1.570000000000000E-011  3.172133538267777E-002
  1.580000000000000E-011  3.216652992884894E-002
  1.590000000000000E-011  3.221156317820861E-002
  1.600000000000000E-011  3.110628816944893E-002
  1.610000000000000E-011  3.061628616639863E-002
  1.620000000000000E-011  3.145508491028766E-002
  1.630000000000000E-011  3.116123657468958E-002
  1.640000000000000E-011  3.136292780934102E-002
  1.650000000000000E-011  3.167313307240330E-002
  1.660000000000000E-011  3.210821029000227E-002
  1.670000000000000E-011  3.217756188826620E-002
  1.680000000000000E-011  3.140656560723869E-002
  1.690000000000000E-011  3.176810547105535E-002
  1.700000000000000E-011  3.254711937725642E-002
  1.710000000000000E-011  3.147723887084490E-002
  1.720000000000000E-011  3.174667079953320E-002
  1.730000000000000E-011  3.249364051039583E-002
  1.740000000000000E-011  3.275683020098488E-002
  1.750000000000000E-011  3.323526659767710E-002
  1.760000000000000E-011  3.262627746210906E-002
  1.770000000000000E-011  3.164149996696088E-002
  1.780000000000000E-011  3.128474610862261E-002
  1.790000000000000E-011  3.228668063588341E-002
  1.800000000000000E-011  3.241769858105228E-002
  1.810000000000000E-011  3.267135884621827E-002
  1.820000000000000E-011  3.274846525298102E-002
  1.830000000000000E-011  3.302011670770508E-002
  1.840000000000000E-011  3.250904341906922E-002
  1.850000000000000E-011  3.240888278378878E-002
  1.860000000000000E-011  3.257258518643854E-002
  1.870000000000000E-011  3.257928818103602E-002
  1.880000000000000E-011  3.303182185744049E-002
  1.890000000000000E-011  3.355931153470462E-002
  1.900000000000000E-011  3.273433483462949E-002
  1.910000000000000E-011  3.282498149180290E-002
  1.920000000000000E-011  3.266762135267491E-002
  1.930000000000000E-011  3.242535874014869E-002
  1.940000000000000E-011  3.291610870947281E-002
  1.950000000000000E-011  3.243793445529321E-002
  1.960000000000000E-011  3.173653349502394E-002
  1.970000000000000E-011  3.162744613450838E-002
  1.980000000000000E-011  3.235894317202306E-002
  1.990000000000000E-011  3.226616844119837E-002
  2.000000000000000E-011  3.221377377759474E-002
