  1.000000000000000E-013        2765
  2.000000000000000E-013        2436
  3.000000000000000E-013        2219
  4.000000000000000E-013        2049
  5.000000000000000E-013        1877
  6.000000000000001E-013        1773
  7.000000000000000E-013        1682
  8.000000000000000E-013        1575
  9.000000000000000E-013        1479
  1.000000000000000E-012        1431
  1.100000000000000E-012        1377
  1.200000000000000E-012        1317
  1.300000000000000E-012        1259
  1.400000000000000E-012        1166
  1.500000000000000E-012        1113
  1.600000000000000E-012        1111
  1.700000000000000E-012        1090
  1.800000000000000E-012        1078
  1.900000000000000E-012        1048
  2.000000000000000E-012        1007
  2.100000000000000E-012         954
  2.200000000000000E-012         948
  2.300000000000000E-012         929
  2.400000000000000E-012         935
  2.500000000000000E-012         930
  2.600000000000000E-012         907
  2.700000000000000E-012         888
  2.800000000000000E-012         857
  2.900000000000000E-012         840
  3.000000000000000E-012         817
  3.100000000000000E-012         777
  3.200000000000000E-012         744
  3.300000000000000E-012         723
  3.400000000000000E-012         703
  3.500000000000000E-012         697
  3.600000000000000E-012         673
  3.700000000000000E-012         634
  3.800000000000000E-012         659
  3.900000000000000E-012         649
  4.000000000000000E-012         619
  4.100000000000000E-012         626
  4.200000000000000E-012         623
  4.300000000000000E-012         596
  4.400000000000000E-012         582
  4.500000000000000E-012         580
  4.600000000000000E-012         567
  4.700000000000000E-012         555
  4.800000000000001E-012         568
  4.900000000000001E-012         573
  5.000000000000001E-012         555
  5.100000000000000E-012         537
  5.200000000000000E-012         530
  5.300000000000000E-012         514
  5.400000000000000E-012         509
  5.500000000000000E-012         542
  5.600000000000000E-012         524
  5.700000000000000E-012         525
  5.800000000000000E-012         492
  5.900000000000000E-012         489
  6.000000000000000E-012         471
  6.100000000000000E-012         452
  6.200000000000000E-012         449
  6.300000000000000E-012         447
  6.400000000000000E-012         433
  6.500000000000000E-012         450
  6.600000000000000E-012         450
  6.700000000000000E-012         418
  6.800000000000000E-012         401
  6.900000000000000E-012         400
  7.000000000000000E-012         405
  7.100000000000000E-012         417
  7.200000000000000E-012         392
  7.300000000000000E-012         386
  7.400000000000000E-012         366
  7.500000000000000E-012         367
  7.600000000000000E-012         393
  7.700000000000000E-012         373
  7.800000000000000E-012         373
  7.900000000000000E-012         360
  8.000000000000000E-012         362
  8.100000000000000E-012         359
  8.200000000000000E-012         364
  8.300000000000000E-012         360
  8.400000000000000E-012         363
  8.500000000000000E-012         364
  8.600000000000000E-012         369
  8.700000000000000E-012         369
  8.800000000000000E-012         382
  8.900000000000000E-012         380
  9.000000000000000E-012         381
  9.100000000000000E-012         365
  9.200000000000000E-012         366
  9.300000000000000E-012         370
  9.400000000000000E-012         372
  9.500000000000000E-012         380
  9.600000000000001E-012         388
  9.700000000000001E-012         379
  9.800000000000001E-012         367
  9.900000000000001E-012         332
  1.000000000000000E-011         337
  1.010000000000000E-011         340
  1.020000000000000E-011         353
  1.030000000000000E-011         363
  1.040000000000000E-011         352
  1.050000000000000E-011         348
  1.060000000000000E-011         362
  1.070000000000000E-011         364
  1.080000000000000E-011         338
  1.090000000000000E-011         334
  1.100000000000000E-011         335
  1.110000000000000E-011         336
  1.120000000000000E-011         317
  1.130000000000000E-011         338
  1.140000000000000E-011         331
  1.150000000000000E-011         320
  1.160000000000000E-011         330
  1.170000000000000E-011         334
  1.180000000000000E-011         345
  1.190000000000000E-011         347
  1.200000000000000E-011         339
  1.210000000000000E-011         344
  1.220000000000000E-011         349
  1.230000000000000E-011         336
  1.240000000000000E-011         330
  1.250000000000000E-011         346
  1.260000000000000E-011         339
  1.270000000000000E-011         345
  1.280000000000000E-011         331
  1.290000000000000E-011         312
  1.300000000000000E-011         309
  1.310000000000000E-011         314
  1.320000000000000E-011         330
  1.330000000000000E-011         313
  1.340000000000000E-011         318
  1.350000000000000E-011         346
  1.360000000000000E-011         342
  1.370000000000000E-011         355
  1.380000000000000E-011         351
  1.390000000000000E-011         327
  1.400000000000000E-011         336
  1.410000000000000E-011         332
  1.420000000000000E-011         343
  1.430000000000000E-011         335
  1.440000000000000E-011         328
  1.450000000000000E-011         340
  1.460000000000000E-011         308
  1.470000000000000E-011         318
  1.480000000000000E-011         318
  1.490000000000000E-011         314
  1.500000000000000E-011         321
  1.510000000000000E-011         321
  1.520000000000000E-011         335
  1.530000000000000E-011         334
  1.540000000000000E-011         353
  1.550000000000000E-011         334
  1.560000000000000E-011         344
  1.570000000000000E-011         336
  1.580000000000000E-011         343
  1.590000000000000E-011         341
  1.600000000000000E-011         340
  1.610000000000000E-011         339
  1.620000000000000E-011         344
  1.630000000000000E-011         326
  1.640000000000000E-011         324
  1.650000000000000E-011         316
  1.660000000000000E-011         318
  1.670000000000000E-011         323
  1.680000000000000E-011         329
  1.690000000000000E-011         329
  1.700000000000000E-011         328
  1.710000000000000E-011         350
  1.720000000000000E-011         361
  1.730000000000000E-011         341
  1.740000000000000E-011         352
  1.750000000000000E-011         347
  1.760000000000000E-011         335
  1.770000000000000E-011         338
  1.780000000000000E-011         331
  1.790000000000000E-011         324
  1.800000000000000E-011         325
  1.810000000000000E-011         328
  1.820000000000000E-011         329
  1.830000000000000E-011         345
  1.840000000000000E-011         333
  1.850000000000000E-011         327
  1.860000000000000E-011         336
  1.870000000000000E-011         339
  1.880000000000000E-011         325
  1.890000000000000E-011         316
  1.900000000000000E-011         308
  1.910000000000000E-011         334
  1.920000000000000E-011         296
  1.930000000000000E-011         299
  1.940000000000000E-011         294
  1.950000000000000E-011         306
  1.960000000000000E-011         310
  1.970000000000000E-011         329
  1.980000000000000E-011         321
  1.990000000000000E-011         328
  2.000000000000000E-011         299
