           1   230872469073952.     
           2   227649915476882.     
           3   224496840151251.     
           4   221411577559208.     
           5   218392504095858.     
           6   215438037003228.     
           7   212546633312875.     
           8   209716788816391.     
           9   206947037063041.     
          10   204235948383820.     
          11   201582128941209.     
          12   198984219803973.     
          13   196440896046294.     
          14   193950865870623.     
          15   191512869753602.     
          16   189125679614441.     
          17   186788098005156.     
          18   184498957322086.     
          19   182257119038115.     
          20   180061472955056.     
          21   177910936475654.     
          22   175804453894688.     
          23   173740995708668.     
          24   171719557943616.     
          25   169739161500481.     
          26   167798851517680.     
          27   165897696750340.     
          28   164034788965792.     
          29   162209242354864.     
          30   160420192958586.     
          31   158666798109873.     
          32   156948235889795.     
          33   155263704598054.     
          34   153612422237285.     
          35   151993626010811.     
          36   150406571833501.     
          37   148850533855388.     
          38   147324803997694.     
          39   145828691500951.     
          40   144361522484881.     
          41   142922639519741.     
          42   141511401208812.     
          43   140127181781756.     
          44   138769370698530.     
          45   137437372263607.     
          46   136130605250202.     
          47   134848502534265.     
          48   133590510737960.     
          49   132356089882399.     
          50   131144713049371.     
          51   129955866051848.     
          52   128789047113005.     
          53   127643766553570.     
          54   126519546487249.     
          55   125415920524034.     
          56   124332433481179.     
          57   123268641101643.     
          58   122224109779804.     
          59   121198416294253.     
          60   120191147547481.     
          61   121132152031246.     
          62   120160532703633.     
          63   119206157062169.     
          64   118268650033436.     
          65   117347645463581.     
          66   116442785895713.     
          67   115553722353035.     
          68   114680114127545.     
          69   113821628574158.     
          70   112977940910122.     
          71   112148734019564.     
          72   111333698263064.     
          73   110532531292094.     
          74   109744937868216.     
          75   108970629686908.     
          76   108209325205891.     
          77   107460749477855.     
          78   106724633987443.     
          79   106000716492420.     
          80   105956996386192.     
          81   105256712477693.     
          82   104567875948304.     
          83   103939077348230.     
          84   103272425138599.     
          85   102616520808836.     
          86   101971141908458.     
          87   101336071126754.     
          88   100711096166850.     
          89   100096009622968.     
          90   99490608860798.4     
          91   98894695900907.9     
          92   98308077305097.7     
          93   97730564065643.8     
          94   97161971497338.2     
          95   96602119132260.7     
          96   96050830617210.5     
          97   95507933613728.8     
          98   94973259700644.2     
          99   94446644279078.2     
         100   93927926479843.2     
         101   93416949073175.0     
         102   92913558380737.6     
         103   92417604189841.4     
         104   91928939669818.2     
         105   91447421290497.5     
         106   90972908742729.6     
         107   90505264860902.7     
         108   90044355547402.7     
         109   89590049698965.5     
         110   89142219134873.8     
         111   88700738526949.3     
         112   88265485331296.8     
         113   87836339721752.0     
         114   87413184524991.9     
         115   86995905157263.1     
         116   86584389562688.5     
         117   86178528153110.0     
         118   85778213749428.4     
         119   85383341524403.4     
         120   84993808946874.5     
         121   84609515727367.2     
         122   84230363765049.1     
         123   83856257096001.7     
         124   83487101842773.8     
         125   83122806165183.2     
         126   82763280212336.5     
         127   82408436075834.4     
         128   82058187744132.7     
         129   81712451058030.0     
         130   81371143667253.0     
         131   81034184988111.3     
         132   80701496162194.6     
         133   80373000016086.6     
         134   80048621022068.1     
         135   79728285259785.9     
         136   79411920378861.9     
         137   79099455562418.9     
         138   78790821491500.0     
         139   78485950310358.4     
         140   78184775592596.2     
         141   77887232308131.0     
         142   77593256790967.7     
         143   83605184475309.4     
         144   83285794739047.9     
         145   82969492833085.4     
         146   82656742431414.0     
         147   82347629660116.6     
         148   82042157438444.3     
         149   81740298357201.3     
         150   81442011381106.5     
         151   81147248679018.2     
         152   80855958888417.5     
         153   80568088848720.6     
         154   80283584593442.1     
         155   80002391950411.2     
         156   79724456920055.8     
         157   79449725921004.9     
         158   79178145952788.1     
         159   78909664704809.9     
         160   78644230629432.6     
         161   78381792990460.9     
         162   78122301894402.6     
         163   77865708309446.8     
         164   77611964075554.6     
         165   77361021908036.5     
         166   77112835396313.0     
         167   76867358999085.8     
         168   76624548036825.3     
         169   76384358682244.8     
         170   76146747949271.7     
         171   75911673680900.0     
         172   75679094536221.0     
         173   75448969976862.9     
         174   75221260253017.6     
         175   74995926389195.6     
         176   74772930169819.7     
         177   74552234124744.9     
         178   74333801514774.7     
         179   74117596317228.2     
         180   73903583211603.2     
         181   73691727565368.7     
         182   73481995419915.9     
         183   73274353476689.0     
         184   73068769083512.3     
         185   72865210221128.5     
         186   72663645489955.8     
         187   72464044097074.5     
         188   72266375843444.9     
         189   72070611111364.0     
         190   71876720852159.8     
         191   71684676574126.0     
         192   71494450330698.0     
         193   71306014708866.8     
         194   71119342817832.0     
         195   70934408277891.0     
         196   70751185209560.8     
         197   70569648222932.6     
         198   70389772407252.2     
         199   70211533320727.0     
         200   76841010781330.6     
         201   76665973653936.7     
         202   76492502645443.8     
         203   76817894838589.2     
         204   76647488498576.4     
         205   76478581541688.5     
         206   76311152541538.5     
         207   76145180466793.9     
         208   75980644672836.4     
         209   75817524893606.9     
         210   75655801233633.4     
         211   75495454160237.5     
         212   75336464495915.1     
         213   75178813410888.6     
         214   75022482415825.7     
         215   74867453354722.2     
         216   74713708397944.4     
         217   74561230035427.5     
         218   74410001070027.5     
         219   74260004611021.7     
         220   74111224067755.7     
         221   73963643143432.6     
         222   73817245829042.1     
         223   73672016397425.0     
         224   73527939397472.1     
         225   73384999648451.3     
         226   73243182234463.7     
         227   73102472499022.2     
         228   72962856039751.9     
         229   72824318703209.7     
         230   72686846579817.8     
         231   72550425998912.1     
         232   72415043523899.7     
         233   72280685947524.6     
         234   72147340287238.7     
         235   72014993780675.6     
         236   71883633881225.3     
         237   71753248253705.9     
         238   71623824770132.3     
         239   71495351505577.8     
         240   71367816734127.5     
         241   71241208924920.6     
         242   71115516738280.4     
         243   70990729021928.7     
         244   70866834807284.4     
         245   70743823305842.5     
         246   70621683905632.8     
         247   70500406167756.4     
         248   70379979822997.2     
         249   70260394768508.0     
         250   70141641064568.6     
         251   70023708931414.5     
         252   69906588746134.1     
         253   69790271039634.4     
         254   69674746493671.0     
         255   69560005937943.0     
         256   69446040347251.3     
         257   69332840838716.9     
         258   69220398669060.2     
         259   69108705231938.1     
         260   68997752055338.7     
         261   68887530799031.6     
         262   68778033252072.8     
         263   68669251330363.0     
         264   68561177074257.9     
         265   68453802646229.0     
         266   68347120328575.2     
         267   68241122521181.5     
         268   68135801739326.5     
         269   68031150611535.4     
         270   67927161877478.5     
         271   67823828385914.3     
         272   67721143092675.6     
         273   67619099058698.1     
         274   67517689448089.8     
         275   67416907526241.4     
         276   67316746657975.9     
         277   67217200305736.8     
         278   67118262027814.0     
         279   67019925476606.5     
         280   66922184396921.2     
         281   66825032624307.0     
         282   66728464083422.9     
         283   66632472786440.2     
         284   66537052831477.4     
         285   66442198401067.3     
         286   66347903760655.3     
         287   66254163257128.7     
         288   66160971317375.9     
         289   66068322446874.9     
         290   65976211228310.6     
         291   65884632320220.4     
         292   65793580455666.5     
         293   65703050440936.1     
         294   65613037154266.6     
         295   65523535544597.8     
         296   65434540630348.1     
         297   65346047498215.6     
         298   65258051302003.6     
         299   65170547261468.7     
         300   65083530661192.7     
         301   64996996849476.7     
         302   64910941237256.6     
         303   64825359297040.9     
         304   64740246561868.9     
         305   64655598624289.8     
         306   64571411135361.8     
         307   64487679803670.5     
         308   64404400394367.4     
         309   64321568728226.0     
         310   64239180680717.6     
         311   64157232181103.9     
         312   64075719211548.3     
         313   63994637806243.7     
         314   63913984050557.1     
         315   63833754080191.7     
         316   63753944080363.9     
         317   63674550284996.7     
         318   63595568975928.7     
         319   63516996482138.1     
         320   63438829178981.3     
         321   63361063487446.1     
         322   63283695873419.5     
         323   63206722846968.5     
         324   63130140961635.8     
         325   63053946813747.2     
         326   62978137041733.4     
         327   62902708325464.0     
         328   62827657385593.6     
         329   62752980982920.9     
         330   62678675917759.4     
         331   62604739029319.5     
         332   62531167195102.5     
         333   62457957330305.6     
         334   62385106387238.3     
         335   62312611354748.9     
         336   62240469257661.8     
         337   62168677156225.7     
         338   62097232145570.9     
         339   62026131355177.3     
         340   61955371948351.8     
         341   61884951121715.2     
         342   61814866104698.1     
         343   61745114159046.8     
         344   61675692578337.2     
         345   61606598687497.8     
         346   61537829842341.3     
         347   61469383429104.5     
         348   61401256863996.7     
         349   61333447592755.7     
         350   61265953090211.8     
         351   61198770859860.0     
         352   61131898433439.1     
         353   61065333370518.8     
         354   60999073258093.4     
         355   60933115710183.6     
         356   60867458367444.4     
         357   60802098896780.0     
         358   60737034990966.0     
         359   60672264368277.4     
         360   60607784772123.8     
         361   60543593970689.9     
         362   60479689756583.3     
         363   60416069946488.0     
         364   60352732380823.1     
         365   60289674923408.5     
         366   60226895461135.7     
         367   60164391903644.1     
         368   60102162183003.1     
         369   60040204253399.6     
         370   59978516090830.2     
         371   59917095692799.8     
         372   59855941078023.8     
         373   59795050286136.4     
         374   59734421377403.4     
         375   59674052432439.5     
         376   59613941551930.9     
         377   59554086856362.2     
         378   59494486485747.4     
         379   59435138599366.5     
         380   59376041375504.9     
         381   59317193011198.4     
         382   59258591721981.9     
         383   59200235741641.9     
         384   59142123321973.3     
         385   59084252732540.5     
         386   59026622260441.7     
         387   58969230210077.6     
         388   58912074902923.4     
         389   58855154677304.6     
         390   58798467888176.9     
         391   58742012906908.6     
         392   58685788121067.3     
         393   58629791934210.0     
         394   58574022765675.7     
         395   58518479050382.5     
         396   58463159238626.8     
         397   58408061795886.4     
         398   58353185202626.2     
         399   58298527954107.4     
         400   58244088560199.5     
         401   58189865545194.9     
         402   58135857447626.8     
         403   58082062820090.1     
         404   58028480229064.2     
         405   57975108254739.5     
         406   57921945490846.2     
         407   57868990544485.5     
         408   57816242035963.6     
         409   57763698598628.4     
         410   57711358878708.2     
         411   57659221535153.5     
         412   57607285239480.6     
         413   57555548675617.9     
         414   57504010539754.6     
         415   57452669540190.9     
         416   57401524397191.9     
         417   57350573842842.1     
         418   57299816620903.4     
         419   57249251486673.9     
         420   57198877206850.2     
         421   57148692559390.7     
         422   57098696333381.2     
         423   57048887328902.7     
         424   56999264356900.9     
         425   56949826239057.6     
         426   56900571807664.2     
         427   56851499905497.0     
         428   56802609385693.9     
         429   56753899111633.2     
         430   56705367956814.7     
         431   56657014804741.1     
         432   56608838548802.8     
         433   56560838092162.9     
         434   56513012347644.8     
         435   56465360237621.0     
         436   56417880693903.3     
         437   56370572657635.3     
         438   56323435079185.2     
         439   56276466918041.6     
         440   56229667142709.4     
         441   56183034730608.2     
         442   56136568667971.4     
         443   56090267949746.9     
         444   56044131579499.6     
         445   55998158569314.8     
         446   55952347939702.8     
         447   55906698719505.4     
         448   55861209945803.3     
         449   55815880663824.9     
         450   55770709926855.9     
         451   55725696796151.0     
         452   55680840340846.2     
         453   55636139637872.3     
         454   55591593771869.7     
         455   55547201835104.7     
         456   55502962927385.8     
         457   55458876155982.9     
         458   55414940635545.9     
         459   55371155488025.2     
         460   55327519842593.4     
         461   55284032835567.5     
         462   55240693610332.5     
         463   55197501317266.0     
         464   55154455113663.9     
         465   55111554163666.3     
         466   55068797638185.8     
         467   55026184714835.3     
         468   54983714577857.7     
         469   54941386418056.0     
         470   54899199432724.7     
         471   54857152825581.6     
         472   54815245806701.2     
         473   54773477592448.1     
         474   54731847405412.0     
         475   54690354474343.1     
         476   54648998034088.5     
         477   54607777325529.3     
         478   54566691595518.8     
         479   54525740096820.8     
         480   54484922088049.8     
         481   54444236833610.7     
         482   54403683603640.3     
         483   54363261673948.8     
         484   54322970325962.6     
         485   54282808846667.4     
         486   54242776528552.1     
         487   54202872669553.8     
         488   54163096573002.7     
         489   54123447547568.6     
         490   54083924907207.2     
         491   54044527971107.9     
         492   54005256063641.3     
         493   53966108514308.3     
         494   53927084657689.2     
         495   53888183833393.7     
         496   53849405386011.0     
         497   53810748665061.8     
         498   53772213024949.0     
         499   53733797824910.9     
         500   53695502428973.4     
         501   53657326205903.6     
         502   53619268529164.4     
         503   53581328776868.1     
         504   53543506331732.3     
         505   53505800581035.0     
         506   53468210916571.3     
         507   53430736734609.6     
         508   53393377435849.0     
         509   53356132425377.1     
         510   53319001112628.2     
         511   53281982911341.7     
         512   53245077239521.9     
         513   53208283519396.9     
         514   53171601177379.7     
         515   53135029644027.6     
         516   53098568354004.4     
         517   53062216746041.4     
         518   53025974262899.3     
         519   52989840351330.8     
         520   52953814462043.2     
         521   52917896049662.2     
         522   52882084572695.0     
         523   52846379493494.5     
         524   52810780278224.3     
         525   52775286396823.1     
         526   52739897322970.0     
         527   52704612534050.9     
         528   52669431511123.8     
         529   52634353738885.6     
         530   52599378705639.2     
         531   52564505903260.3     
         532   52529734827165.5     
         533   52495064976279.7     
         534   52460495853005.0     
         535   52426026963189.0     
         536   52391657816094.1     
         537   52357387924366.5     
         538   52323216804006.3     
         539   52289143974337.4     
         540   52255168957978.0     
         541   52221291280810.9     
         542   52187510471955.1     
         543   52153826063736.7     
         544   52120237591660.9     
         545   52086744594383.8     
         546   52053346613684.5     
         547   52020043194438.0     
         548   51986833884588.0     
         549   51953718235119.8     
         550   51920695800034.2     
         551   51887766136321.0     
         552   51854928803932.9     
         553   51822183365759.9     
         554   51789529387604.3     
         555   51756966438154.7     
         556   51724494088962.0     
         557   51692111914414.3     
         558   51659819491712.4     
         559   51627616400846.4     
         560   51595502224570.9     
         561   51563476548382.3     
         562   51531538960495.0     
         563   51499689051818.4     
         564   51467926415933.9     
         565   51436250649072.5     
         566   51404661350092.6     
         567   51373158120457.2     
         568   51341740564212.7     
         569   51310408287966.8     
         570   51279160900867.1     
         571   51247998014580.1     
         572   51216919243269.9     
         573   51185924203577.3     
         574   51155012514599.8     
         575   51124183797870.5     
         576   51093437677338.5     
         577   51062773779348.4     
         578   51032191732621.1     
         579   51001691168233.9     
         580   50971271719601.2     
         581   50940933022455.5     
         582   50910674714827.9     
         583   50880496437030.1     
         584   50850397831635.3     
         585   50820378543459.9     
         586   50790438219545.2     
         587   50760576509139.7     
         588   50730793063680.7     
         589   50701087536777.2     
         590   50671459584192.0     
         591   50641908863824.5     
         592   50612435035693.5     
         593   50583037761920.5     
         594   50553716706712.3     
         595   50524471536344.9     
         596   50495301919146.9     
         597   50466207525482.7     
         598   50437188027737.1     
         599   50408243100298.7     
         600   50379372419544.3     
         601   50350575663823.2     
         602   50321852513441.4     
         603   50293202650646.7     
         604   50264625759613.0     
         605   50236121526425.4     
         606   50207689639065.2     
         607   50179329787395.2     
         608   50151041663144.8     
         609   50122824959895.7     
         610   50094679373067.5     
         611   50066604599903.2     
         612   50038600339455.6     
         613   50010666292572.7     
         614   49982802161884.2     
         615   49955007651787.9     
         616   49927282468435.9     
         617   49899626319721.1     
         618   49872038915264.1     
         619   49844519966399.7     
         620   49817069186164.3     
         621   49789686289282.4     
         622   49762370992154.1     
         623   49735123012842.2     
         624   49707942071059.9     
         625   49680827888158.0     
         626   49653780187112.6     
         627   49626798692513.0     
         628   49599883130549.5     
         629   49573033229001.4     
         630   49546248717224.9     
         631   49519529326141.6     
         632   49492874788226.6     
         633   49466284837497.0     
         634   49439759209500.4     
         635   49413297641303.4     
         636   49386899871480.7     
         637   49360565640103.6     
         638   49334294688729.0     
         639   49308086760388.3     
         640   49281941599577.1     
         641   49255858952243.7     
         642   49229838565779.0     
         643   49203880189005.3     
         644   49177983572166.8     
         645   49152148466918.2     
         646   49126374626315.0     
         647   49100661804803.1     
         648   49075009758208.9     
         649   49049418243728.9     
         650   49023887019920.1     
         651   48998415846690.2     
         652   48973004485287.5     
         653   48947652698291.6     
         654   48922360249603.6     
         655   48897126904436.7     
         656   48871952429306.8     
         657   48846836592023.1     
         658   48821779161679.0     
         659   48796779908642.6     
         660   48771838604548.1     
         661   48746955022286.4     
         662   48722128935996.5     
         663   48697360121056.3     
         664   48672648354074.1     
         665   48647993412879.6     
         666   48623395076515.9     
         667   48598853125230.2     
         668   48574367340465.8     
         669   48549937504853.7     
         670   48525563402203.9     
         671   48501244817497.6     
         672   48476981536878.8     
         673   48452773347646.3     
         674   48428620038245.3     
         675   48404521398260.0     
         676   48380477218405.2     
         677   48356487290518.8     
         678   48332551407553.6     
         679   48308669363570.4     
         680   48284840953729.3     
         681   48261065974283.0     
         682   48237344222568.9     
         683   48213675497001.5     
         684   48190059597065.6     
         685   48166496323308.2     
         686   48142985477332.1     
         687   48119526861787.7     
         688   48096120280366.8     
         689   48072765537795.1     
         690   48049462439824.9     
         691   48026210793228.8     
         692   48003010405792.2     
         693   47979861086306.8     
         694   47956762644563.7     
         695   47933714891346.5     
         696   47910717638425.1     
         697   47887770698548.3     
         698   47864873885438.3     
         699   47842027013783.0     
         700   47819229899230.4     
         701   47796482358381.9     
         702   47773784208786.0     
         703   47751135268931.8     
         704   47728535358243.0     
         705   47705984297071.5     
         706   47683481906691.6     
         707   47661028009293.3     
         708   47638622427976.9     
         709   47616264986746.4     
         710   47593955510504.2     
         711   47571693825044.5     
         712   47549479757047.9     
         713   47527313134075.6     
         714   47505193784563.4     
         715   47483121537816.1     
         716   47461096224001.6     
         717   47439117674145.9     
         718   47417185720126.8     
         719   47395300194668.8     
         720   47373460931337.4     
         721   47351667764533.9     
         722   47329920529489.6     
         723   47308219062260.8     
         724   47286563199723.3     
         725   47264952779567.2     
         726   47243387640291.6     
         727   47221867621199.4     
         728   47200392562392.4     
         729   47178962304765.6     
         730   47157576690002.7     
         731   47136235560571.0     
         732   47114938759715.9     
         733   47093686131456.7     
         734   47072477520581.1     
         735   47051312772640.5     
         736   47030191733945.1     
         737   47009114251559.4     
         738   46988080173297.1     
         739   46967089347716.5     
         740   46946141624115.7     
         741   46925236852528.1     
         742   46904374883717.7     
         743   46883555569174.6     
         744   46862778761110.3     
         745   46842044312453.3     
         746   46821352076844.5     
         747   46800701908633.1     
         748   46780093662871.6     
         749   46759527195312.0     
         750   46739002362401.0     
         751   46718519021276.3     
         752   46698077029761.4     
         753   46677676246362.2     
         754   46657316530262.5     
         755   46636997741319.6     
         756   46616719740060.4     
         757   46596482387677.2     
         758   46576285546023.9     
         759   46556129077611.2     
         760   46536012845603.4     
         761   46515936713813.9     
         762   46495900546701.5     
         763   46475904209366.3     
         764   46455947567545.7     
         765   46436030487610.9     
         766   46416152836562.6     
         767   46396314482027.6     
         768   46376515292254.8     
         769   46356755136111.2     
         770   46337033883078.7     
         771   46317351403249.9     
         772   46297707567324.7     
         773   46278102246606.6     
         774   46258535312998.9     
         775   46239006639001.5     
         776   46219516097706.9     
         777   46200063562796.8     
         778   46180648908538.6     
         779   46161272009782.0     
         780   46141932741955.4     
         781   46122630981062.5     
         782   46103366603678.8     
         783   46084139486948.5     
         784   46064949508580.5     
         785   46045796546846.0     
         786   46026680480574.1     
         787   46007601189149.6     
         788   45988558552508.8     
         789   45969552451136.6     
         790   45950582766063.6     
         791   45931649378862.4     
         792   45912752171644.7     
         793   45893891027058.0     
         794   45875065828282.5     
         795   45856276459028.2     
         796   45837522803531.4     
         797   45818804746552.1     
         798   45800122173370.6     
         799   45781474969784.6     
         800   45762863022106.1     
         801   45744286217158.8     
         802   45725744442274.5     
         803   45707237585290.9     
         804   45688765534547.9     
         805   45670328178885.4     
         806   45651925407640.1     
         807   45633557110642.4     
         808   45615223178214.3     
         809   45596923501165.7     
         810   45578657970792.3     
         811   45560426478872.3     
         812   45542228917664.2     
         813   45524065179903.5     
         814   45505935158800.3     
         815   45487838748036.6     
         816   45469775841763.6     
         817   45451746334598.7     
         818   45433750121623.6     
         819   45415787098380.8     
         820   45397857160871.7     
         821   45379960205553.6     
         822   45362096129337.3     
         823   45344264829584.4     
         824   45326466204105.2     
         825   45308700151155.4     
         826   45290966569434.4     
         827   45273265358082.3     
         828   45255596416677.6     
         829   45237959645234.8     
         830   45220354944201.9     
         831   45202782214458.0     
         832   45185241357310.9     
         833   45167732274494.9     
         834   45150254868167.8     
         835   45132809040909.5     
         836   45115394695718.8     
         837   45098011736011.7     
         838   45080660065618.7     
         839   45063339588782.7     
         840   45046050210156.7     
         841   45028791834801.5     
         842   45011564368183.5     
         843   44994367716172.4     
         844   44977201785039.1     
         845   44960066481453.6     
         846   44942961712482.3     
         847   44925887385586.5     
         848   44908843408620.0     
         849   44891829689826.6     
         850   44874846137838.5     
         851   44857892661674.0     
         852   44840969170735.2     
         853   44824075574806.4     
         854   44807211784051.4     
         855   44790377709012.0     
         856   44773573260605.6     
         857   44756798350123.4     
         858   44740052889228.2     
         859   44723336789952.6     
         860   44706649964696.9     
         861   44689992326227.0     
         862   44673363787672.6     
         863   44656764262525.5     
         864   44640193664637.0     
         865   44623651908216.5     
         866   44607138907829.6     
         867   44590654578395.9     
         868   44574198835187.2     
         869   44557771593826.0     
         870   44541372770283.0     
         871   44525002280875.8     
         872   44508660042266.7     
         873   44492345971461.1     
         874   44476059985805.8     
         875   44459802002986.6     
         876   44443571941027.3     
         877   44427369718287.3     
         878   44411195253460.3     
         879   44395048465572.1     
         880   44378929273979.3     
         881   44362837598367.1     
         882   44346773358747.9     
         883   44330736475459.8     
         884   44314726869164.2     
         885   44298744460844.8     
         886   44282789171805.4     
         887   44266860923668.9     
         888   44250959638374.8     
         889   44235085238178.2     
         890   44219237645647.9     
         891   44203416783664.7     
         892   44187622575420.2     
         893   44171854944414.7     
         894   44156113814455.7     
         895   44140399109656.7     
         896   44124710754435.2     
         897   44109048673511.1     
         898   44093412791905.8     
         899   44077803034939.7     
         900   44062219328231.4     
         901   44046661597695.9     
         902   44031129769543.2     
         903   44015623770276.5     
         904   44000143526690.9     
         905   43984688965872.3     
         906   43969260015195.0     
         907   43953856602321.3     
         908   43938478655199.1     
         909   43923126102061.1     
         910   43907798871423.0     
         911   43892496892082.3     
         912   43877220093116.7     
         913   43861968403882.8     
         914   43846741754014.5     
         915   43831540073421.9     
         916   43816363292289.8     
         917   43801211341076.2     
         918   43786084150510.9     
         919   43770981651594.4     
         920   43755903775596.4     
         921   43740850454054.4     
         922   43725821618772.2     
         923   43710817201819.3     
         924   43695837135528.5     
         925   43680881352495.4     
         926   43665949785576.9     
         927   43651042367889.6     
         928   43636159032809.0     
         929   43621299713967.9     
         930   43606464345255.0     
         931   43591652860814.0     
         932   43576865195042.2     
         933   43562101282589.2     
         934   43547361058355.6     
         935   43532644457491.7     
         936   43517951415396.7     
         937   43503281867717.1     
         938   43488635750345.5     
         939   43474012999419.4     
         940   43459413551320.2     
         941   43444837342671.8     
         942   43430284310339.7     
         943   43415754391429.2     
         944   43401247523285.0     
         945   43386763643489.4     
         946   43372302689861.8     
         947   43357864600456.8     
         948   43343449313563.5     
         949   43329056767704.5     
         950   43314686901634.4     
         951   43300339654338.7     
         952   43286014965033.2     
         953   43271712773162.2     
         954   43257433018397.7     
         955   43243175640638.6     
         956   43228940580009.0     
         957   43214727776857.7     
         958   43200537171756.6     
         959   43186368705500.1     
         960   43172222319103.9     
         961   43158097953803.6     
         962   43143995551054.0     
         963   43129915052528.2     
         964   43115856400116.0     
         965   43101819535923.5     
         966   43087804402271.5     
         967   43073810941695.0     
         968   43059839096941.7     
         969   43045888810971.5     
         970   43031960026954.9     
         971   43018052688272.5     
         972   43004166738514.0     
         973   42990302121476.7     
         974   42976458781165.0     
         975   42962636661789.4     
         976   42948835707765.3     
         977   42935055863712.2     
         978   42921297074452.7     
         979   42907559285011.5     
         980   42893842440614.5     
         981   42880146486688.0     
         982   42866471368857.4     
         983   42852817032946.6     
         984   42839183424977.0     
         985   42825570491166.4     
         986   42811978177928.6     
         987   42798406431871.5     
         988   42784855199797.3     
         989   42771324428701.1     
         990   42757814065769.6     
         991   42744324058381.2     
         992   42730854354104.2     
         993   42717404900696.2     
         994   42703975646103.5     
         995   42690566538459.9     
         996   42677177526086.2     
         997   42663808557488.7     
         998   42650459581359.0     
         999   42637130546572.8     
        1000   42623821402189.3     
