  1.000000000000000E-013        4118
  2.000000000000000E-013        4591
  3.000000000000000E-013        4943
  4.000000000000000E-013        5257
  5.000000000000000E-013        5510
  6.000000000000001E-013        5697
  7.000000000000000E-013        5862
  8.000000000000000E-013        6026
  9.000000000000000E-013        6133
  1.000000000000000E-012        6302
  1.100000000000000E-012        6408
  1.200000000000000E-012        6547
  1.300000000000000E-012        6672
  1.400000000000000E-012        6817
  1.500000000000000E-012        6919
  1.600000000000000E-012        6975
  1.700000000000000E-012        7108
  1.800000000000000E-012        7183
  1.900000000000000E-012        7285
  2.000000000000000E-012        7381
  2.100000000000000E-012        7455
  2.200000000000000E-012        7531
  2.300000000000000E-012        7574
  2.400000000000000E-012        7668
  2.500000000000000E-012        7617
  2.600000000000000E-012        7724
  2.700000000000000E-012        7802
  2.800000000000000E-012        7849
  2.900000000000000E-012        7862
  3.000000000000000E-012        7941
  3.100000000000000E-012        8013
  3.200000000000000E-012        8078
  3.300000000000000E-012        8111
  3.400000000000000E-012        8132
  3.500000000000000E-012        8184
  3.600000000000000E-012        8208
  3.700000000000000E-012        8275
  3.800000000000000E-012        8283
  3.900000000000000E-012        8319
  4.000000000000000E-012        8349
  4.100000000000000E-012        8378
  4.200000000000000E-012        8389
  4.300000000000000E-012        8437
  4.400000000000000E-012        8478
  4.500000000000000E-012        8477
  4.600000000000000E-012        8495
  4.700000000000000E-012        8550
  4.800000000000001E-012        8552
  4.900000000000001E-012        8602
  5.000000000000001E-012        8623
  5.100000000000000E-012        8623
  5.200000000000000E-012        8639
  5.300000000000000E-012        8639
  5.400000000000000E-012        8656
  5.500000000000000E-012        8669
  5.600000000000000E-012        8688
  5.700000000000000E-012        8696
  5.800000000000000E-012        8695
  5.900000000000000E-012        8719
  6.000000000000000E-012        8712
  6.100000000000000E-012        8776
  6.200000000000000E-012        8778
  6.300000000000000E-012        8800
  6.400000000000000E-012        8805
  6.500000000000000E-012        8833
  6.600000000000000E-012        8826
  6.700000000000000E-012        8857
  6.800000000000000E-012        8894
  6.900000000000000E-012        8917
  7.000000000000000E-012        8905
  7.100000000000000E-012        8909
  7.200000000000000E-012        8925
  7.300000000000000E-012        8930
  7.400000000000000E-012        8965
  7.500000000000000E-012        8954
  7.600000000000000E-012        8942
  7.700000000000000E-012        8976
  7.800000000000000E-012        8984
  7.900000000000000E-012        8987
  8.000000000000000E-012        9029
  8.100000000000000E-012        9009
  8.200000000000000E-012        9021
  8.300000000000000E-012        9042
  8.400000000000000E-012        9064
  8.500000000000000E-012        9065
  8.600000000000000E-012        9074
  8.700000000000000E-012        9087
  8.800000000000000E-012        9090
  8.900000000000000E-012        9090
  9.000000000000000E-012        9093
  9.100000000000000E-012        9107
  9.200000000000000E-012        9131
  9.300000000000000E-012        9096
  9.400000000000000E-012        9118
  9.500000000000000E-012        9094
  9.600000000000001E-012        9095
  9.700000000000001E-012        9112
  9.800000000000001E-012        9105
  9.900000000000001E-012        9139
  1.000000000000000E-011        9128
  1.010000000000000E-011        9134
  1.020000000000000E-011        9121
  1.030000000000000E-011        9117
  1.040000000000000E-011        9140
  1.050000000000000E-011        9126
  1.060000000000000E-011        9108
  1.070000000000000E-011        9106
  1.080000000000000E-011        9137
  1.090000000000000E-011        9166
  1.100000000000000E-011        9160
  1.110000000000000E-011        9122
  1.120000000000000E-011        9127
  1.130000000000000E-011        9126
  1.140000000000000E-011        9153
  1.150000000000000E-011        9159
  1.160000000000000E-011        9154
  1.170000000000000E-011        9132
  1.180000000000000E-011        9111
  1.190000000000000E-011        9109
  1.200000000000000E-011        9126
  1.210000000000000E-011        9129
  1.220000000000000E-011        9146
  1.230000000000000E-011        9143
  1.240000000000000E-011        9159
  1.250000000000000E-011        9142
  1.260000000000000E-011        9148
  1.270000000000000E-011        9173
  1.280000000000000E-011        9149
  1.290000000000000E-011        9159
  1.300000000000000E-011        9163
  1.310000000000000E-011        9160
  1.320000000000000E-011        9158
  1.330000000000000E-011        9193
  1.340000000000000E-011        9164
  1.350000000000000E-011        9113
  1.360000000000000E-011        9127
  1.370000000000000E-011        9137
  1.380000000000000E-011        9148
  1.390000000000000E-011        9191
  1.400000000000000E-011        9171
  1.410000000000000E-011        9135
  1.420000000000000E-011        9133
  1.430000000000000E-011        9138
  1.440000000000000E-011        9143
  1.450000000000000E-011        9135
  1.460000000000000E-011        9134
  1.470000000000000E-011        9144
  1.480000000000000E-011        9164
  1.490000000000000E-011        9139
  1.500000000000000E-011        9145
  1.510000000000000E-011        9105
  1.520000000000000E-011        9092
  1.530000000000000E-011        9095
  1.540000000000000E-011        9078
  1.550000000000000E-011        9090
  1.560000000000000E-011        9086
  1.570000000000000E-011        9093
  1.580000000000000E-011        9120
  1.590000000000000E-011        9114
  1.600000000000000E-011        9131
  1.610000000000000E-011        9135
  1.620000000000000E-011        9137
  1.630000000000000E-011        9181
  1.640000000000000E-011        9170
  1.650000000000000E-011        9165
  1.660000000000000E-011        9133
  1.670000000000000E-011        9147
  1.680000000000000E-011        9125
  1.690000000000000E-011        9124
  1.700000000000000E-011        9130
  1.710000000000000E-011        9101
  1.720000000000000E-011        9113
  1.730000000000000E-011        9146
  1.740000000000000E-011        9127
  1.750000000000000E-011        9128
  1.760000000000000E-011        9142
  1.770000000000000E-011        9139
  1.780000000000000E-011        9139
  1.790000000000000E-011        9161
  1.800000000000000E-011        9151
  1.810000000000000E-011        9131
  1.820000000000000E-011        9151
  1.830000000000000E-011        9144
  1.840000000000000E-011        9151
  1.850000000000000E-011        9132
  1.860000000000000E-011        9157
  1.870000000000000E-011        9146
  1.880000000000000E-011        9149
  1.890000000000000E-011        9138
  1.900000000000000E-011        9146
  1.910000000000000E-011        9137
  1.920000000000000E-011        9148
  1.930000000000000E-011        9143
  1.940000000000000E-011        9149
  1.950000000000000E-011        9144
  1.960000000000000E-011        9137
  1.970000000000000E-011        9142
  1.980000000000000E-011        9131
  1.990000000000000E-011        9122
  2.000000000000000E-011        9145
