  1.000000000000000E-013  -5935.54870385639     
  2.000000000000000E-013  -8453.42836217326     
  3.000000000000000E-013  -8131.20763297535     
  4.000000000000000E-013  -6010.12564832435     
  5.000000000000000E-013  -5947.59458787583     
  6.000000000000001E-013  -5222.87749843383     
  7.000000000000000E-013  -4964.62482766517     
  8.000000000000000E-013  -5573.57122672839     
  9.000000000000000E-013  -8275.90017192574     
  1.000000000000000E-012  -5630.47463130445     
  1.100000000000000E-012  -6548.29538659717     
  1.200000000000000E-012  -8871.82025688377     
  1.300000000000000E-012  -10006.8030002900     
  1.400000000000000E-012  -7237.46140134850     
  1.500000000000000E-012  -5599.00937643878     
  1.600000000000000E-012  -9221.03542972640     
  1.700000000000000E-012  -8373.90959873510     
  1.800000000000000E-012  -8327.18085533807     
  1.900000000000000E-012  -4691.37069555050     
  2.000000000000000E-012  -7855.50844951800     
  2.100000000000000E-012  -7984.06552040954     
  2.200000000000000E-012  -4713.63025546178     
  2.300000000000000E-012  -8456.53066849603     
  2.400000000000000E-012  -6697.16660292779     
  2.500000000000000E-012  -7017.47586143175     
  2.600000000000000E-012  -6200.09757923774     
  2.700000000000000E-012  -6694.32324584723     
  2.800000000000000E-012  -4998.36390841330     
  2.900000000000000E-012  -6857.42650237339     
  3.000000000000000E-012  -3967.76680393649     
  3.100000000000000E-012  -2387.45912616592     
  3.200000000000000E-012  -5145.26639054467     
  3.300000000000000E-012  -10011.9551695115     
  3.400000000000000E-012  -8657.00125363312     
  3.500000000000000E-012  -9492.57146772984     
  3.600000000000000E-012  -9297.02970968755     
  3.700000000000000E-012  -5004.10038248425     
  3.800000000000000E-012  -5420.03729990589     
  3.900000000000000E-012  -7787.90142478342     
  4.000000000000000E-012  -5625.85157830633     
  4.100000000000000E-012  -1600.47851328575     
  4.200000000000000E-012  -6264.65965344233     
  4.300000000000000E-012  -7400.33225306900     
  4.400000000000000E-012  -3282.32883061407     
  4.500000000000000E-012  -5559.48456135145     
  4.600000000000000E-012  -8954.75178973336     
  4.700000000000000E-012  -10967.5018447689     
  4.800000000000001E-012  -5983.11719807660     
  4.900000000000001E-012  -7320.45947746425     
  5.000000000000001E-012  -4879.68121433465     
  5.100000000000000E-012  -7140.96419986078     
  5.200000000000000E-012  -2741.73744962739     
  5.300000000000000E-012  -1525.83070552562     
  5.400000000000000E-012  -3485.79970670966     
  5.500000000000000E-012  -6169.97838099445     
  5.600000000000000E-012  -5802.36263628640     
  5.700000000000000E-012   1201.90449984280     
  5.800000000000000E-012  -6476.51625106751     
  5.900000000000000E-012  -5764.86582152371     
  6.000000000000000E-012  -9252.39824427633     
  6.100000000000000E-012  -5804.44424944489     
  6.200000000000000E-012  -7028.48922498282     
  6.300000000000000E-012  -2960.94327829436     
  6.400000000000000E-012  -3045.40906369851     
  6.500000000000000E-012  -7483.16136636662     
  6.600000000000000E-012  -2202.63047174354     
  6.700000000000000E-012  -4550.51167003327     
  6.800000000000000E-012  -6731.56511298559     
  6.900000000000000E-012  -5677.86410939115     
  7.000000000000000E-012  -5218.98640392942     
  7.100000000000000E-012  -9442.97577342187     
  7.200000000000000E-012  -2413.43617225146     
  7.300000000000000E-012  -11384.7335512083     
  7.400000000000000E-012  -6811.74321891576     
  7.500000000000000E-012  -6355.30606969956     
  7.600000000000000E-012  -13670.3732908533     
  7.700000000000000E-012  -3797.91687211605     
  7.800000000000000E-012  -7547.08946600488     
  7.900000000000000E-012  -11349.7623408964     
  8.000000000000000E-012  -7600.59270115532     
  8.100000000000000E-012  -5757.40810996535     
  8.200000000000000E-012  -8423.90687441472     
  8.300000000000000E-012  -2046.62064232808     
  8.400000000000000E-012  -12351.1433087044     
  8.500000000000000E-012  -2817.29255809651     
  8.600000000000000E-012   1817.91103003641     
  8.700000000000000E-012  -11549.4608937757     
  8.800000000000000E-012  -12826.3691301880     
  8.900000000000000E-012  -2674.95311216462     
  9.000000000000000E-012  -8945.12842774751     
  9.100000000000000E-012  -10428.1437047079     
  9.200000000000000E-012  -9234.54682573281     
  9.300000000000000E-012  -2400.88791836080     
  9.400000000000000E-012  -10967.9961860194     
  9.500000000000000E-012  -6396.36671118499     
  9.600000000000001E-012  -6082.94472127095     
  9.700000000000001E-012  -1964.40575637641     
  9.800000000000001E-012  -4591.00206923157     
  9.900000000000001E-012  -6191.39652769999     
  1.000000000000000E-011  -10706.4761312797     
  1.010000000000000E-011  -8292.40106494562     
  1.020000000000000E-011  -9449.32507176132     
  1.030000000000000E-011  -3676.44123258584     
  1.040000000000000E-011  -13463.1331103731     
  1.050000000000000E-011  -9539.60346666969     
  1.060000000000000E-011  -4515.37639128328     
  1.070000000000000E-011  -5102.84079365753     
  1.080000000000000E-011  -4359.53414923123     
  1.090000000000000E-011  -9641.31959959808     
  1.100000000000000E-011  -10475.7242254063     
  1.110000000000000E-011  -1568.03763045269     
  1.120000000000000E-011  -6723.13821871322     
  1.130000000000000E-011  -4078.48202679732     
  1.140000000000000E-011  -2805.02255218707     
  1.150000000000000E-011  -522.411369597844     
  1.160000000000000E-011  -4330.40429895900     
  1.170000000000000E-011  -7654.67054708124     
  1.180000000000000E-011  -6904.78759528599     
  1.190000000000000E-011  -5641.96372158702     
  1.200000000000000E-011  -2560.79977970599     
  1.210000000000000E-011  -6176.12679425554     
  1.220000000000000E-011  -8936.85499124151     
  1.230000000000000E-011  -7271.93730495156     
  1.240000000000000E-011  -4448.06993681930     
  1.250000000000000E-011  -3382.32448791434     
  1.260000000000000E-011  -5212.76326626802     
  1.270000000000000E-011  -8403.19910860636     
  1.280000000000000E-011  -5700.08285984979     
  1.290000000000000E-011  -229.893511297858     
  1.300000000000000E-011  -7444.89716650326     
  1.310000000000000E-011  -9387.19893190305     
  1.320000000000000E-011  -3323.49174594875     
  1.330000000000000E-011  -7216.86501984146     
  1.340000000000000E-011  -1775.25603738349     
  1.350000000000000E-011  -5547.41557576351     
  1.360000000000000E-011  -8465.48307980728     
  1.370000000000000E-011  -6305.16272638808     
  1.380000000000000E-011  -9424.63236173837     
  1.390000000000000E-011  -8653.87664281199     
  1.400000000000000E-011   3810.43093400054     
  1.410000000000000E-011  -8342.83904079867     
  1.420000000000000E-011  -9456.95423089782     
  1.430000000000000E-011  -123.154607067286     
  1.440000000000000E-011  -2121.17119549095     
  1.450000000000000E-011  -5487.06965163829     
  1.460000000000000E-011  -8508.13080028001     
  1.470000000000000E-011  -5384.19464411629     
  1.480000000000000E-011  -10904.4284889657     
  1.490000000000000E-011  -7275.23421767491     
  1.500000000000000E-011  -8400.01399417707     
  1.510000000000000E-011  -8230.99486185991     
  1.520000000000000E-011  -8582.03818750025     
  1.530000000000000E-011  -6129.15484955754     
  1.540000000000000E-011  -4365.08789476377     
  1.550000000000000E-011  -10036.4033330962     
  1.560000000000000E-011  -5271.13070570806     
  1.570000000000000E-011  -6146.20488131934     
  1.580000000000000E-011  -8617.37591049136     
  1.590000000000000E-011  -2500.62620723149     
  1.600000000000000E-011  -11522.5321215278     
  1.610000000000000E-011  -2621.07260910471     
  1.620000000000000E-011  -6802.72014778362     
  1.630000000000000E-011  -11213.9050702989     
  1.640000000000000E-011  -8725.89994838537     
  1.650000000000000E-011  -8971.42869245021     
  1.660000000000000E-011  -4378.35327223670     
  1.670000000000000E-011  -8220.44122144260     
  1.680000000000000E-011  -964.503169063962     
  1.690000000000000E-011  -7410.51146550663     
  1.700000000000000E-011  -9992.33027017424     
  1.710000000000000E-011  -9494.83508302953     
  1.720000000000000E-011  -5372.14772579822     
  1.730000000000000E-011  -9192.11210594782     
  1.740000000000000E-011  -2913.53042476335     
  1.750000000000000E-011  -7373.35755513064     
  1.760000000000000E-011  -7205.66968658632     
  1.770000000000000E-011  -510.826451638499     
  1.780000000000000E-011  -2948.11065409222     
  1.790000000000000E-011  -6801.91366757808     
  1.800000000000000E-011   4937.30441922714     
  1.810000000000000E-011  -8032.22638629559     
  1.820000000000000E-011  -12106.1745992614     
  1.830000000000000E-011  -6418.84678168626     
  1.840000000000000E-011   3339.57353913477     
  1.850000000000000E-011  -10465.4562064513     
  1.860000000000000E-011  -5921.04569269846     
  1.870000000000000E-011  -2124.59084610857     
  1.880000000000000E-011  -7267.25326115692     
  1.890000000000000E-011  -10802.6487148723     
  1.900000000000000E-011  -10313.5638651915     
  1.910000000000000E-011  -8959.74284849472     
  1.920000000000000E-011  -1438.44783654199     
  1.930000000000000E-011  -9921.50052525779     
  1.940000000000000E-011  -7367.26205005043     
  1.950000000000000E-011  -10695.0904336020     
  1.960000000000000E-011  -3229.33828371790     
  1.970000000000000E-011  -4739.56707304121     
  1.980000000000000E-011  -7217.21060157818     
  1.990000000000000E-011   2545.64412371090     
  2.000000000000000E-011  -14268.7258768348     
