  1.000000000000000E-013   610.075521620830     
  2.000000000000000E-013   1264.49529016760     
  3.000000000000000E-013  -1367.21087901249     
  4.000000000000000E-013   966.982441839130     
  5.000000000000000E-013   1615.39386712039     
  6.000000000000001E-013  -447.248172577317     
  7.000000000000000E-013  -417.089848789430     
  8.000000000000000E-013   5741.54055621255     
  9.000000000000000E-013  -4473.29050623746     
  1.000000000000000E-012  -150.971747138414     
  1.100000000000000E-012  -2488.04268029945     
  1.200000000000000E-012  -222.753269676087     
  1.300000000000000E-012  -393.451901352502     
  1.400000000000000E-012   1449.35041777257     
  1.500000000000000E-012   2898.45853781950     
  1.600000000000000E-012   1214.97343783947     
  1.700000000000000E-012  -1516.76906436850     
  1.800000000000000E-012   808.167129735747     
  1.900000000000000E-012   623.779160455416     
  2.000000000000000E-012  -1082.18131665787     
  2.100000000000000E-012   1708.03123518886     
  2.200000000000000E-012   1696.67147538990     
  2.300000000000000E-012  -1352.80359566651     
  2.400000000000000E-012  -1198.56869818448     
  2.500000000000000E-012  -732.239503135895     
  2.600000000000000E-012  -1964.19216652169     
  2.700000000000000E-012  -2099.98971888703     
  2.800000000000000E-012   5847.79484984271     
  2.900000000000000E-012  -1833.45691713320     
  3.000000000000000E-012  -1243.90323321789     
  3.100000000000000E-012  -2775.38019093989     
  3.200000000000000E-012   2628.69584127089     
  3.300000000000000E-012  -3134.03771366074     
  3.400000000000000E-012  -1493.92783818807     
  3.500000000000000E-012   600.832966423249     
  3.600000000000000E-012   555.626347022667     
  3.700000000000000E-012   814.015692291477     
  3.800000000000000E-012  -1667.05227854216     
  3.900000000000000E-012  -1572.63334914000     
  4.000000000000000E-012   1635.55923714459     
  4.100000000000000E-012  -1286.98363574994     
  4.200000000000000E-012   2954.00088594909     
  4.300000000000000E-012  -1368.29965046910     
  4.400000000000000E-012   2500.09178520807     
  4.500000000000000E-012   3427.73208472381     
  4.600000000000000E-012   3250.26200666046     
  4.700000000000000E-012  -4636.89556394954     
  4.800000000000001E-012   2216.56357536171     
  4.900000000000001E-012  -1141.12895408413     
  5.000000000000001E-012   1746.23607687449     
  5.100000000000000E-012   1821.86511967417     
  5.200000000000000E-012   243.702637875627     
  5.300000000000000E-012   2113.60451193260     
  5.400000000000000E-012  -838.918855485474     
  5.500000000000000E-012   2942.57196272576     
  5.600000000000000E-012   1455.35534899884     
  5.700000000000000E-012  -3253.17744054836     
  5.800000000000000E-012   3411.31539889859     
  5.900000000000000E-012  -5220.00812914071     
  6.000000000000000E-012  -3077.56247773313     
  6.100000000000000E-012   2990.55216670868     
  6.200000000000000E-012  -2996.79907329455     
  6.300000000000000E-012  -2344.81543808506     
  6.400000000000000E-012   3181.95060322393     
  6.500000000000000E-012   2449.83820662815     
  6.600000000000000E-012   275.098039363578     
  6.700000000000000E-012  -1377.74360358462     
  6.800000000000000E-012  -815.594936147855     
  6.900000000000000E-012   4217.45843224067     
  7.000000000000000E-012   2665.88844086080     
  7.100000000000000E-012   1973.49193727167     
  7.200000000000000E-012   2357.72785692581     
  7.300000000000000E-012  -772.006752800065     
  7.400000000000000E-012   1793.69693760395     
  7.500000000000000E-012  -4952.68444418134     
  7.600000000000000E-012   2304.26585790990     
  7.700000000000000E-012   5162.36411465093     
  7.800000000000000E-012  -543.132441549984     
  7.900000000000000E-012   459.015338282996     
  8.000000000000000E-012  -824.630641783372     
  8.100000000000000E-012  -938.671060324626     
  8.200000000000000E-012   162.398314471971     
  8.300000000000000E-012  -4414.54385970252     
  8.400000000000000E-012  -533.031547985491     
  8.500000000000000E-012  -3425.46244926714     
  8.600000000000000E-012  -5926.66006216062     
  8.700000000000000E-012   2032.47514599919     
  8.800000000000000E-012  -2503.62166576711     
  8.900000000000000E-012   3393.35663900234     
  9.000000000000000E-012   3150.65153709649     
  9.100000000000000E-012   2139.33820909294     
  9.200000000000000E-012  -5952.01682879559     
  9.300000000000000E-012  -2470.23548700883     
  9.400000000000000E-012   3683.02050388445     
  9.500000000000000E-012  -464.419089927027     
  9.600000000000001E-012   2142.24751242619     
  9.700000000000001E-012   1270.84755158059     
  9.800000000000001E-012   4865.49355330905     
  9.900000000000001E-012   993.324120993240     
  1.000000000000000E-011  -7040.77399303343     
  1.010000000000000E-011  -3804.39859717072     
  1.020000000000000E-011  -1803.12025281905     
  1.030000000000000E-011   2953.44018962743     
  1.040000000000000E-011  -1777.10157221859     
  1.050000000000000E-011  -3685.99595208610     
  1.060000000000000E-011  -398.120316718309     
  1.070000000000000E-011   2714.97002464946     
  1.080000000000000E-011   2489.48869392596     
  1.090000000000000E-011  -3466.35292732958     
  1.100000000000000E-011  -1706.66092778844     
  1.110000000000000E-011   2784.72363835513     
  1.120000000000000E-011   1582.23691679669     
  1.130000000000000E-011   2363.46800849307     
  1.140000000000000E-011  -279.222158649327     
  1.150000000000000E-011   2064.62795147274     
  1.160000000000000E-011  -1986.49076638838     
  1.170000000000000E-011  -1557.63419127737     
  1.180000000000000E-011  -3797.82261616327     
  1.190000000000000E-011  -1645.28544820800     
  1.200000000000000E-011   1054.24688468388     
  1.210000000000000E-011   4658.59086124485     
  1.220000000000000E-011  -2533.40133495418     
  1.230000000000000E-011  -4705.60582156735     
  1.240000000000000E-011   1340.59073219874     
  1.250000000000000E-011   4017.38473617575     
  1.260000000000000E-011   193.806625914292     
  1.270000000000000E-011  -2936.19106381762     
  1.280000000000000E-011  -4835.54017170442     
  1.290000000000000E-011   1035.97155546089     
  1.300000000000000E-011  -3605.98281267052     
  1.310000000000000E-011   4028.97206909511     
  1.320000000000000E-011   4913.69469476648     
  1.330000000000000E-011  -342.931711552572     
  1.340000000000000E-011  -2693.96666155325     
  1.350000000000000E-011  -1302.10028826390     
  1.360000000000000E-011  -3041.38989156527     
  1.370000000000000E-011   3110.77236623208     
  1.380000000000000E-011   3406.25815810845     
  1.390000000000000E-011  -2829.33696774636     
  1.400000000000000E-011   2350.87886287226     
  1.410000000000000E-011   5576.10772838781     
  1.420000000000000E-011   3857.01387564308     
  1.430000000000000E-011   1759.11420288802     
  1.440000000000000E-011   1963.26469680443     
  1.450000000000000E-011   7401.16085929234     
  1.460000000000000E-011   764.263996076515     
  1.470000000000000E-011   1755.85025614597     
  1.480000000000000E-011   1173.11161231223     
  1.490000000000000E-011   2908.85463416420     
  1.500000000000000E-011  -4228.88549890210     
  1.510000000000000E-011  -2200.93850869152     
  1.520000000000000E-011  -3129.54029876353     
  1.530000000000000E-011   4321.52651765657     
  1.540000000000000E-011  -3093.52710534023     
  1.550000000000000E-011   6828.93173359995     
  1.560000000000000E-011  -4609.20250634618     
  1.570000000000000E-011   155.502151377273     
  1.580000000000000E-011   2253.79806287248     
  1.590000000000000E-011   1114.38855326965     
  1.600000000000000E-011   1776.12315102052     
  1.610000000000000E-011   1022.69027207954     
  1.620000000000000E-011  -4588.10053989897     
  1.630000000000000E-011  -533.062355515706     
  1.640000000000000E-011  -570.658836729579     
  1.650000000000000E-011  -1197.82340734271     
  1.660000000000000E-011  -2722.65546491192     
  1.670000000000000E-011   5310.75943864479     
  1.680000000000000E-011   446.358546933410     
  1.690000000000000E-011   1119.43881501133     
  1.700000000000000E-011  -241.931719859051     
  1.710000000000000E-011   221.489511332750     
  1.720000000000000E-011   1063.29152660853     
  1.730000000000000E-011   6073.78909351104     
  1.740000000000000E-011   1732.17189534642     
  1.750000000000000E-011   267.527538426939     
  1.760000000000000E-011  -2793.19890608862     
  1.770000000000000E-011  -379.426470102706     
  1.780000000000000E-011   1308.82549562427     
  1.790000000000000E-011   3367.00705257083     
  1.800000000000000E-011   1264.63628335449     
  1.810000000000000E-011  -3424.21532188285     
  1.820000000000000E-011   3030.81302590730     
  1.830000000000000E-011  -1745.83232242974     
  1.840000000000000E-011  -1166.40654507635     
  1.850000000000000E-011  -825.232642431513     
  1.860000000000000E-011   3484.68642388209     
  1.870000000000000E-011  -4185.46626678563     
  1.880000000000000E-011  -5173.63673948786     
  1.890000000000000E-011   2152.07654806907     
  1.900000000000000E-011   2355.72886255920     
  1.910000000000000E-011   7956.91484852499     
  1.920000000000000E-011   3130.04768239971     
  1.930000000000000E-011  -1650.83473108794     
  1.940000000000000E-011  -163.298153618986     
  1.950000000000000E-011   1167.79074448384     
  1.960000000000000E-011   4189.16142097928     
  1.970000000000000E-011   3751.89909665380     
  1.980000000000000E-011  -1864.08760093517     
  1.990000000000000E-011   3656.39613377644     
  2.000000000000000E-011  -2684.24602008189     
