    0.0000   -0.4396  0.000E+00  0.000E+00  0.000E+00
    0.2000   -0.3722  0.140E+05  -.995E+04  0.475E+04
    0.4000   -0.3066  0.243E+05  -.159E+05  0.910E+04
    0.6000   -0.2466  0.296E+05  -.164E+05  0.128E+05
    0.8000   -0.1949  0.306E+05  -.123E+05  0.158E+05
    1.0000   -0.1522  0.286E+05  -.532E+04  0.180E+05
    1.2000   -0.1175  0.249E+05  0.269E+04  0.195E+05
    1.4000   -0.0890  0.207E+05  0.103E+05  0.203E+05
    1.6000   -0.0652  0.165E+05  0.165E+05  0.206E+05
    1.8000   -0.0446  0.128E+05  0.209E+05  0.204E+05
    2.0000   -0.0265  0.966E+04  0.234E+05  0.199E+05
    2.2000   -0.0101  0.713E+04  0.243E+05  0.191E+05
    2.4000    0.0050  0.515E+04  0.237E+05  0.180E+05
    2.6000    0.0191  0.366E+04  0.221E+05  0.168E+05
    2.8000    0.0324  0.256E+04  0.199E+05  0.156E+05
    3.0000    0.0450  0.176E+04  0.173E+05  0.142E+05
    3.2000    0.0571  0.120E+04  0.147E+05  0.129E+05
    3.4000    0.0688  0.801E+03  0.121E+05  0.116E+05
    3.6000    0.0801  0.530E+03  0.982E+04  0.103E+05
    3.8000    0.0912  0.347E+03  0.778E+04  0.912E+04
    4.0000    0.1021  0.224E+03  0.606E+04  0.801E+04
    4.2000    0.1127  0.144E+03  0.463E+04  0.699E+04
    4.4000    0.1233  0.909E+02  0.348E+04  0.605E+04
    4.6000    0.1337  0.570E+02  0.258E+04  0.521E+04
    4.8000    0.1440  0.354E+02  0.188E+04  0.446E+04
    5.0000    0.1542  0.217E+02  0.135E+04  0.380E+04
    5.2000    0.1643  0.132E+02  0.962E+03  0.321E+04
    5.4000    0.1743  0.800E+01  0.675E+03  0.270E+04
    5.6000    0.1843  0.479E+01  0.467E+03  0.226E+04
    5.8000    0.1942  0.284E+01  0.320E+03  0.189E+04
    6.0000    0.2040  0.167E+01  0.216E+03  0.156E+04
    6.2000    0.2137  0.975E+00  0.145E+03  0.129E+04
    6.4000    0.2234  0.565E+00  0.958E+02  0.106E+04
    6.6000    0.2331  0.324E+00  0.628E+02  0.867E+03
    6.8000    0.2426  0.185E+00  0.407E+02  0.706E+03
    7.0000    0.2522  0.105E+00  0.262E+02  0.572E+03
    7.2000    0.2616  0.587E-01  0.166E+02  0.462E+03
    7.4000    0.2710  0.327E-01  0.105E+02  0.371E+03
    7.6000    0.2803  0.181E-01  0.655E+01  0.297E+03
    7.8000    0.2896  0.997E-02  0.406E+01  0.237E+03
    8.0000    0.2988  0.544E-02  0.249E+01  0.188E+03
    8.2000    0.3079  0.295E-02  0.152E+01  0.149E+03
    8.4000    0.3170  0.159E-02  0.916E+00  0.118E+03
    8.6000    0.3260  0.852E-03  0.549E+00  0.923E+02
    8.8000    0.3350  0.453E-03  0.326E+00  0.723E+02
    9.0000    0.3439  0.240E-03  0.192E+00  0.564E+02
    9.2000    0.3528  0.126E-03  0.113E+00  0.439E+02
    9.4000    0.3615  0.658E-04  0.655E-01  0.340E+02
    9.6000    0.3702  0.342E-04  0.378E-01  0.263E+02
    9.8000    0.3789  0.176E-04  0.217E-01  0.202E+02
   10.0000    0.3875  0.906E-05  0.123E-01  0.155E+02
   10.2000    0.3960  0.462E-05  0.697E-02  0.119E+02
   10.4000    0.4045  0.235E-05  0.391E-02  0.908E+01
   10.6000    0.4129  0.119E-05  0.218E-02  0.691E+01
   10.8000    0.4213  0.596E-06  0.121E-02  0.524E+01
   11.0000    0.4296  0.298E-06  0.667E-03  0.396E+01
   11.2000    0.4378  0.148E-06  0.365E-03  0.299E+01
   11.4000    0.4460  0.731E-07  0.199E-03  0.225E+01
   11.6000    0.4541  0.360E-07  0.108E-03  0.169E+01
   11.8000    0.4622  0.176E-07  0.579E-04  0.126E+01
   12.0000    0.4701  0.859E-08  0.310E-04  0.942E+00
   12.2000    0.4781  0.416E-08  0.165E-04  0.701E+00
   12.4000    0.4859  0.201E-08  0.872E-05  0.521E+00
   12.6000    0.4937  0.965E-09  0.459E-05  0.386E+00
   12.8000    0.5015  0.462E-09  0.240E-05  0.285E+00
   13.0000    0.5092  0.220E-09  0.125E-05  0.210E+00
   13.2000    0.5168  0.104E-09  0.648E-06  0.154E+00
   13.4000    0.5244  0.492E-10  0.334E-06  0.113E+00
   13.6000    0.5319  0.231E-10  0.171E-06  0.829E-01
   13.8000    0.5393  0.108E-10  0.874E-07  0.605E-01
   14.0000    0.5467  0.503E-11  0.444E-07  0.441E-01
   14.2000    0.5540  0.234E-11  0.224E-07  0.320E-01
   14.4000    0.5613  0.108E-11  0.113E-07  0.232E-01
   14.6000    0.5685  0.497E-12  0.566E-08  0.168E-01
   14.8000    0.5756  0.228E-12  0.282E-08  0.121E-01
   15.0000    0.5827  0.104E-12  0.140E-08  0.875E-02
   15.2000    0.5897  0.473E-13  0.692E-09  0.629E-02
   15.4000    0.5967  0.214E-13  0.341E-09  0.452E-02
   15.6000    0.6036  0.968E-14  0.167E-09  0.324E-02
   15.8000    0.6104  0.436E-14  0.815E-10  0.231E-02
   16.0000    0.6172  0.195E-14  0.396E-10  0.165E-02
   16.2000    0.6239  0.872E-15  0.192E-10  0.118E-02
   16.4000    0.6305  0.388E-15  0.924E-11  0.836E-03
   16.6000    0.6371  0.172E-15  0.444E-11  0.593E-03
   16.8000    0.6437  0.761E-16  0.212E-11  0.420E-03
   17.0000    0.6501  0.335E-16  0.101E-11  0.297E-03
   17.2000    0.6566  0.147E-16  0.480E-12  0.209E-03
   17.4000    0.6629  0.644E-17  0.227E-12  0.148E-03
   17.6000    0.6692  0.281E-17  0.107E-12  0.104E-03
   17.8000    0.6754  0.122E-17  0.503E-13  0.729E-04
   18.0000    0.6816  0.530E-18  0.235E-13  0.511E-04
   18.2000    0.6877  0.229E-18  0.110E-13  0.357E-04
   18.4000    0.6937  0.986E-19  0.510E-14  0.250E-04
   18.6000    0.6997  0.423E-19  0.236E-14  0.174E-04
   18.8000    0.7056  0.181E-19  0.109E-14  0.121E-04
   19.0000    0.7115  0.774E-20  0.502E-15  0.843E-05
   19.2000    0.7173  0.330E-20  0.231E-15  0.585E-05
   19.4000    0.7231  0.140E-20  0.105E-15  0.406E-05
   19.6000    0.7287  0.593E-21  0.481E-16  0.281E-05
   19.8000    0.7344  0.250E-21  0.218E-16  0.194E-05
   20.0000    0.7399  0.105E-21  0.990E-17  0.134E-05
   20.2000    0.7454  0.443E-22  0.447E-17  0.923E-06
   20.4000    0.7508  0.185E-22  0.201E-17  0.635E-06
   20.6000    0.7562  0.774E-23  0.904E-18  0.437E-06
   20.8000    0.7615  0.323E-23  0.405E-18  0.300E-06
   21.0000    0.7668  0.134E-23  0.181E-18  0.205E-06
   21.2000    0.7720  0.556E-24  0.806E-19  0.141E-06
   21.4000    0.7771  0.230E-24  0.358E-19  0.961E-07
   21.6000    0.7822  0.949E-25  0.159E-19  0.656E-07
   21.8000    0.7872  0.391E-25  0.701E-20  0.448E-07
   22.0000    0.7922  0.160E-25  0.309E-20  0.305E-07
   22.2000    0.7970  0.658E-26  0.136E-20  0.207E-07
   22.4000    0.8019  0.269E-26  0.595E-21  0.141E-07
   22.6000    0.8066  0.110E-26  0.260E-21  0.956E-08
   22.8000    0.8114  0.446E-27  0.114E-21  0.648E-08
   23.0000    0.8160  0.181E-27  0.495E-22  0.439E-08
   23.2000    0.8206  0.735E-28  0.215E-22  0.297E-08
   23.4000    0.8251  0.297E-28  0.931E-23  0.200E-08
   23.6000    0.8296  0.120E-28  0.403E-23  0.135E-08
   23.8000    0.8340  0.483E-29  0.174E-23  0.912E-09
   24.0000    0.8383  0.194E-29  0.747E-24  0.614E-09
   24.2000    0.8426  0.779E-30  0.321E-24  0.413E-09
   24.4000    0.8468  0.312E-30  0.138E-24  0.278E-09
   24.6000    0.8510  0.125E-30  0.589E-25  0.186E-09
   24.8000    0.8551  0.498E-31  0.251E-25  0.125E-09
   25.0000    0.8591  0.198E-31  0.107E-25  0.837E-10
   25.2000    0.8631  0.788E-32  0.455E-26  0.561E-10
   25.4000    0.8670  0.313E-32  0.193E-26  0.375E-10
   25.6000    0.8709  0.124E-32  0.818E-27  0.250E-10
   25.8000    0.8747  0.490E-33  0.346E-27  0.167E-10
   26.0000    0.8784  0.193E-33  0.146E-27  0.112E-10
   26.2000    0.8821  0.762E-34  0.615E-28  0.743E-11
   26.4000    0.8857  0.300E-34  0.258E-28  0.495E-11
   26.6000    0.8893  0.118E-34  0.108E-28  0.329E-11
   26.8000    0.8928  0.462E-35  0.455E-29  0.219E-11
   27.0000    0.8962  0.181E-35  0.190E-29  0.145E-11
   27.2000    0.8996  0.709E-36  0.794E-30  0.964E-12
   27.4000    0.9029  0.277E-36  0.331E-30  0.640E-12
   27.6000    0.9062  0.108E-36  0.138E-30  0.424E-12
   27.8000    0.9094  0.420E-37  0.573E-31  0.281E-12
   28.0000    0.9125  0.163E-37  0.238E-31  0.186E-12
   28.2000    0.9156  0.635E-38  0.987E-32  0.123E-12
   28.4000    0.9186  0.246E-38  0.408E-32  0.811E-13
   28.6000    0.9215  0.954E-39  0.169E-32  0.536E-13
   28.8000    0.9244  0.369E-39  0.697E-33  0.353E-13
   29.0000    0.9273  0.143E-39  0.287E-33  0.233E-13
   29.2000    0.9300  0.551E-40  0.118E-33  0.154E-13
   29.4000    0.9328  0.212E-40  0.486E-34  0.101E-13
   29.6000    0.9354  0.818E-41  0.200E-34  0.666E-14
   29.8000    0.9380  0.315E-41  0.819E-35  0.438E-14
   30.0000    0.9406  0.121E-41  0.335E-35  0.288E-14
   30.2000    0.9431  0.464E-42  0.137E-35  0.189E-14
   30.4000    0.9455  0.178E-42  0.561E-36  0.124E-14
   30.6000    0.9479  0.681E-43  0.229E-36  0.816E-15
   30.8000    0.9502  0.261E-43  0.934E-37  0.535E-15
   31.0000    0.9525  0.997E-44  0.380E-37  0.351E-15
   31.2000    0.9547  0.381E-44  0.155E-37  0.230E-15
   31.4000    0.9568  0.145E-44  0.629E-38  0.151E-15
   31.6000    0.9589  0.554E-45  0.256E-38  0.986E-16
   31.8000    0.9609  0.211E-45  0.104E-38  0.646E-16
   32.0000    0.9629  0.803E-46  0.421E-39  0.422E-16
   32.2000    0.9649  0.305E-46  0.170E-39  0.276E-16
   32.4000    0.9667  0.116E-46  0.689E-40  0.180E-16
   32.6000    0.9686  0.441E-47  0.279E-40  0.118E-16
   32.8000    0.9703  0.167E-47  0.113E-40  0.770E-17
   33.0000    0.9721  0.634E-48  0.455E-41  0.503E-17
   33.2000    0.9737  0.240E-48  0.183E-41  0.328E-17
   33.4000    0.9754  0.909E-49  0.740E-42  0.214E-17
   33.6000    0.9770  0.344E-49  0.298E-42  0.140E-17
   33.8000    0.9785  0.130E-49  0.120E-42  0.910E-18
   34.0000    0.9800  0.492E-50  0.482E-43  0.593E-18
   34.2000    0.9814  0.186E-50  0.194E-43  0.386E-18
   34.4000    0.9828  0.701E-51  0.779E-44  0.252E-18
   34.6000    0.9841  0.264E-51  0.313E-44  0.164E-18
   34.8000    0.9854  0.997E-52  0.126E-44  0.107E-18
   35.0000    0.9867  0.376E-52  0.503E-45  0.694E-19
   35.2000    0.9879  0.141E-52  0.202E-45  0.451E-19
   35.4000    0.9891  0.533E-53  0.808E-46  0.294E-19
   35.6000    0.9902  0.200E-53  0.324E-46  0.191E-19
   35.8000    0.9913  0.754E-54  0.130E-46  0.124E-19
   36.0000    0.9924  0.283E-54  0.518E-47  0.806E-20
   36.2000    0.9934  0.106E-54  0.207E-47  0.524E-20
   36.4000    0.9944  0.400E-55  0.828E-48  0.340E-20
   36.6000    0.9953  0.150E-55  0.331E-48  0.221E-20
   36.8000    0.9962  0.564E-56  0.132E-48  0.144E-20
   37.0000    0.9971  0.212E-56  0.527E-49  0.932E-21
   37.2000    0.9980  0.793E-57  0.210E-49  0.605E-21
   37.4000    0.9988  0.297E-57  0.839E-50  0.393E-21
   37.6000    0.9996  0.111E-57  0.335E-50  0.255E-21
   37.8000    1.0003  0.418E-58  0.133E-50  0.165E-21
   38.0000    1.0010  0.156E-58  0.531E-51  0.107E-21
   38.2000    1.0017  0.586E-59  0.212E-51  0.695E-22
   38.4000    1.0024  0.219E-59  0.843E-52  0.451E-22
   38.6000    1.0031  0.821E-60  0.335E-52  0.292E-22
   38.8000    1.0037  0.307E-60  0.134E-52  0.190E-22
   39.0000    1.0043  0.115E-60  0.531E-53  0.123E-22
   39.2000    1.0048  0.430E-61  0.211E-53  0.797E-23
   39.4000    1.0054  0.161E-61  0.840E-54  0.516E-23
   39.6000    1.0059  0.601E-62  0.334E-54  0.335E-23
   39.8000    1.0064  0.225E-62  0.133E-54  0.217E-23
   40.0000    1.0069  0.839E-63  0.528E-55  0.140E-23
   42.0000    1.0107  0.442E-67  0.514E-59  0.182E-25
   44.0000    1.0131  0.230E-71  0.493E-63  0.235E-27
   46.0000    1.0147  0.118E-75  0.469E-67  0.301E-29
   48.0000    1.0156  0.607E-80  0.444E-71  0.385E-31
   50.0000    1.0162  0.311E-84  0.419E-75  0.492E-33
   52.0000    1.0166  0.159E-88  0.395E-79  0.628E-35
   54.0000    1.0168  0.809E-93  0.371E-83  0.801E-37
   56.0000    1.0170  0.412E-97  0.349E-87  0.102E-38
   58.0000    1.0171  0.210-101  0.328E-91  0.130E-40
   60.0000    1.0171  0.107-105  0.308E-95  0.166E-42
   62.0000    1.0172  0.545-110  0.289E-99  0.211E-44
   64.0000    1.0172  0.000E+00  0.000E+00  0.269E-46
   66.0000    1.0172  0.000E+00  0.000E+00  0.343E-48
   68.0000    1.0172  0.000E+00  0.000E+00  0.437E-50
   70.0000    1.0172  0.000E+00  0.000E+00  0.557E-52
   72.0000    1.0172  0.000E+00  0.000E+00  0.710E-54
   74.0000    1.0172  0.000E+00  0.000E+00  0.905E-56
   76.0000    1.0172  0.000E+00  0.000E+00  0.115E-57
   78.0000    1.0172  0.000E+00  0.000E+00  0.147E-59
